etc/iscsi/initiatorname.iscsi.upstream:
  st_mode: 33188
  st_uid: 0
  st_gid: 0
  st_atime: 1528335932.9668741
  st_mtime: 1528335932.9668741
  st_ctime: 1528335939.0019226
