etc/iscsi/iscsid.conf.upstream:
  st_mode: 33152
  st_uid: 0
  st_gid: 0
  st_atime: 1569978189.323714
  st_mtime: 1569978189.323714
  st_ctime: 1569978193.9407215
