etc/dhcp/dhclient.conf.upstream:
  st_mode: 33188
  st_uid: 0
  st_gid: 0
  st_atime: 1461667434.1221998
  st_mtime: 1461667434.1231997
  st_ctime: 1461667436.5661998
