var/www/viewvc/viewvc.conf.upstream:
  st_mode: 33188
  st_uid: 1002
  st_gid: 1002
  st_atime: 1470008520.5800369
  st_mtime: 1470008635.6908581
  st_ctime: 1470008635.6908581
