etc/postfix/main.cf.upstream:
  st_mode: 33188
  st_uid: 0
  st_gid: 0
  st_atime: 1468170269.9553232
  st_mtime: 1468170269.9583232
  st_ctime: 1468170275.1584673
