etc/postfix/main.cf.upstream:
  st_mode: 33188
  st_uid: 0
  st_gid: 0
  st_atime: 1569901004.9528778
  st_mtime: 1569901004.9528778
  st_ctime: 1569901011.0068777
